{
 "cells": [
  {
   "cell_type": "code",
   "execution_count": 1,
   "id": "9878609d",
   "metadata": {},
   "outputs": [],
   "source": [
    "import haversine as hs   \n",
    "from haversine import Unit"
   ]
  },
  {
   "cell_type": "code",
   "execution_count": 2,
   "id": "7786622d",
   "metadata": {},
   "outputs": [
    {
     "data": {
      "text/plain": [
       "(10, 10)"
      ]
     },
     "execution_count": 2,
     "metadata": {},
     "output_type": "execute_result"
    }
   ],
   "source": [
    "commune_list = [\"Anniviers\", \"Chalais\", \"Chippis\", \"Crans-Montana\", \"Grône\", \"Icogne\", \"Lens\", \"Noble-Contrée\", \"Saint-Léonard\", \"Sierre\"]\n",
    "pts_list = [(46.183056, 7.598889), (46.265556, 7.507222), (46.281944, 7.544444), (46.311944, 7.482778), (46.253056, 7.458889), (46.292500, 7.440278), (46.278889, 7.445000), (46.312500, 7.548333), (46.250000, 7.416667), (46.293056, 7.533056)]\n",
    "\n",
    "len(commune_list), len(pts_list)"
   ]
  },
  {
   "cell_type": "code",
   "execution_count": 3,
   "id": "bb86c656",
   "metadata": {},
   "outputs": [
    {
     "data": {
      "application/vnd.microsoft.datawrangler.viewer.v0+json": {
       "columns": [
        {
         "name": "index",
         "rawType": "object",
         "type": "string"
        },
        {
         "name": "Anniviers",
         "rawType": "float64",
         "type": "float"
        },
        {
         "name": "Chalais",
         "rawType": "float64",
         "type": "float"
        },
        {
         "name": "Chippis",
         "rawType": "float64",
         "type": "float"
        },
        {
         "name": "Crans-Montana",
         "rawType": "float64",
         "type": "float"
        },
        {
         "name": "Grône",
         "rawType": "float64",
         "type": "float"
        },
        {
         "name": "Icogne",
         "rawType": "float64",
         "type": "float"
        },
        {
         "name": "Lens",
         "rawType": "float64",
         "type": "float"
        },
        {
         "name": "Noble-Contrée",
         "rawType": "float64",
         "type": "float"
        },
        {
         "name": "Saint-Léonard",
         "rawType": "float64",
         "type": "float"
        },
        {
         "name": "Sierre",
         "rawType": "float64",
         "type": "float"
        }
       ],
       "ref": "93645735-0afe-4731-8246-59cf4dba8fe4",
       "rows": [
        [
         "Anniviers",
         "0.0",
         "11.570791100105481",
         "11.766320074639555",
         "16.885382259436643",
         "13.289296157846227",
         "17.23106865054864",
         "15.927011730169966",
         "14.909289493871716",
         "15.873698653365963",
         "13.237992096811794"
        ],
        [
         "Chalais",
         "11.570791100105481",
         "0.0",
         "3.3919321975052004",
         "5.489440903503898",
         "3.9672827095302217",
         "5.953580248766321",
         "5.007013745278639",
         "6.101343145627619",
         "7.173708583767819",
         "3.6458610372338027"
        ],
        [
         "Chippis",
         "11.766320074639555",
         "3.3919321975052004",
         "0.0",
         "5.794212612029648",
         "7.319028691649222",
         "8.089789190471157",
         "7.6498367193970385",
         "3.410788303006944",
         "10.444802206044443",
         "1.5140776945015093"
        ],
        [
         "Crans-Montana",
         "16.885382259436643",
         "5.489440903503898",
         "5.794212612029648",
         "0.0",
         "6.800530344341578",
         "3.915828577372914",
         "4.683366120215722",
         "5.035368879881104",
         "8.55892097357079",
         "4.396424663621147"
        ],
        [
         "Grône",
         "13.289296157846227",
         "3.9672827095302217",
         "7.319028691649222",
         "6.800530344341578",
         "0.0",
         "4.613352411331239",
         "3.064499158664127",
         "9.536005382681553",
         "3.2642152047072517",
         "7.230408586798794"
        ],
        [
         "Icogne",
         "17.23106865054864",
         "5.953580248766321",
         "8.089789190471157",
         "3.915828577372914",
         "4.613352411331239",
         "0.0",
         "1.556364885173629",
         "8.593448318571552",
         "5.062276892245505",
         "7.128666546232949"
        ],
        [
         "Lens",
         "15.927011730169966",
         "5.007013745278639",
         "7.6498367193970385",
         "4.683366120215722",
         "3.064499158664127",
         "1.556364885173629",
         "0.0",
         "8.774671147822014",
         "3.881080446893314",
         "6.94738843661104"
        ],
        [
         "Noble-Contrée",
         "14.909289493871716",
         "6.101343145627619",
         "3.410788303006944",
         "5.035368879881104",
         "9.536005382681553",
         "8.593448318571552",
         "8.774671147822014",
         "0.0",
         "12.275188914915535",
         "2.460045415527319"
        ],
        [
         "Saint-Léonard",
         "15.873698653365963",
         "7.173708583767819",
         "10.444802206044443",
         "8.55892097357079",
         "3.2642152047072517",
         "5.062276892245505",
         "3.881080446893314",
         "12.275188914915535",
         "0.0",
         "10.14650603889848"
        ],
        [
         "Sierre",
         "13.237992096811794",
         "3.6458610372338027",
         "1.5140776945015093",
         "4.396424663621147",
         "7.230408586798794",
         "7.128666546232949",
         "6.94738843661104",
         "2.460045415527319",
         "10.14650603889848",
         "0.0"
        ]
       ],
       "shape": {
        "columns": 10,
        "rows": 10
       }
      },
      "text/html": [
       "<div>\n",
       "<style scoped>\n",
       "    .dataframe tbody tr th:only-of-type {\n",
       "        vertical-align: middle;\n",
       "    }\n",
       "\n",
       "    .dataframe tbody tr th {\n",
       "        vertical-align: top;\n",
       "    }\n",
       "\n",
       "    .dataframe thead th {\n",
       "        text-align: right;\n",
       "    }\n",
       "</style>\n",
       "<table border=\"1\" class=\"dataframe\">\n",
       "  <thead>\n",
       "    <tr style=\"text-align: right;\">\n",
       "      <th></th>\n",
       "      <th>Anniviers</th>\n",
       "      <th>Chalais</th>\n",
       "      <th>Chippis</th>\n",
       "      <th>Crans-Montana</th>\n",
       "      <th>Grône</th>\n",
       "      <th>Icogne</th>\n",
       "      <th>Lens</th>\n",
       "      <th>Noble-Contrée</th>\n",
       "      <th>Saint-Léonard</th>\n",
       "      <th>Sierre</th>\n",
       "    </tr>\n",
       "  </thead>\n",
       "  <tbody>\n",
       "    <tr>\n",
       "      <th>Anniviers</th>\n",
       "      <td>0.000000</td>\n",
       "      <td>11.570791</td>\n",
       "      <td>11.766320</td>\n",
       "      <td>16.885382</td>\n",
       "      <td>13.289296</td>\n",
       "      <td>17.231069</td>\n",
       "      <td>15.927012</td>\n",
       "      <td>14.909289</td>\n",
       "      <td>15.873699</td>\n",
       "      <td>13.237992</td>\n",
       "    </tr>\n",
       "    <tr>\n",
       "      <th>Chalais</th>\n",
       "      <td>11.570791</td>\n",
       "      <td>0.000000</td>\n",
       "      <td>3.391932</td>\n",
       "      <td>5.489441</td>\n",
       "      <td>3.967283</td>\n",
       "      <td>5.953580</td>\n",
       "      <td>5.007014</td>\n",
       "      <td>6.101343</td>\n",
       "      <td>7.173709</td>\n",
       "      <td>3.645861</td>\n",
       "    </tr>\n",
       "    <tr>\n",
       "      <th>Chippis</th>\n",
       "      <td>11.766320</td>\n",
       "      <td>3.391932</td>\n",
       "      <td>0.000000</td>\n",
       "      <td>5.794213</td>\n",
       "      <td>7.319029</td>\n",
       "      <td>8.089789</td>\n",
       "      <td>7.649837</td>\n",
       "      <td>3.410788</td>\n",
       "      <td>10.444802</td>\n",
       "      <td>1.514078</td>\n",
       "    </tr>\n",
       "    <tr>\n",
       "      <th>Crans-Montana</th>\n",
       "      <td>16.885382</td>\n",
       "      <td>5.489441</td>\n",
       "      <td>5.794213</td>\n",
       "      <td>0.000000</td>\n",
       "      <td>6.800530</td>\n",
       "      <td>3.915829</td>\n",
       "      <td>4.683366</td>\n",
       "      <td>5.035369</td>\n",
       "      <td>8.558921</td>\n",
       "      <td>4.396425</td>\n",
       "    </tr>\n",
       "    <tr>\n",
       "      <th>Grône</th>\n",
       "      <td>13.289296</td>\n",
       "      <td>3.967283</td>\n",
       "      <td>7.319029</td>\n",
       "      <td>6.800530</td>\n",
       "      <td>0.000000</td>\n",
       "      <td>4.613352</td>\n",
       "      <td>3.064499</td>\n",
       "      <td>9.536005</td>\n",
       "      <td>3.264215</td>\n",
       "      <td>7.230409</td>\n",
       "    </tr>\n",
       "    <tr>\n",
       "      <th>Icogne</th>\n",
       "      <td>17.231069</td>\n",
       "      <td>5.953580</td>\n",
       "      <td>8.089789</td>\n",
       "      <td>3.915829</td>\n",
       "      <td>4.613352</td>\n",
       "      <td>0.000000</td>\n",
       "      <td>1.556365</td>\n",
       "      <td>8.593448</td>\n",
       "      <td>5.062277</td>\n",
       "      <td>7.128667</td>\n",
       "    </tr>\n",
       "    <tr>\n",
       "      <th>Lens</th>\n",
       "      <td>15.927012</td>\n",
       "      <td>5.007014</td>\n",
       "      <td>7.649837</td>\n",
       "      <td>4.683366</td>\n",
       "      <td>3.064499</td>\n",
       "      <td>1.556365</td>\n",
       "      <td>0.000000</td>\n",
       "      <td>8.774671</td>\n",
       "      <td>3.881080</td>\n",
       "      <td>6.947388</td>\n",
       "    </tr>\n",
       "    <tr>\n",
       "      <th>Noble-Contrée</th>\n",
       "      <td>14.909289</td>\n",
       "      <td>6.101343</td>\n",
       "      <td>3.410788</td>\n",
       "      <td>5.035369</td>\n",
       "      <td>9.536005</td>\n",
       "      <td>8.593448</td>\n",
       "      <td>8.774671</td>\n",
       "      <td>0.000000</td>\n",
       "      <td>12.275189</td>\n",
       "      <td>2.460045</td>\n",
       "    </tr>\n",
       "    <tr>\n",
       "      <th>Saint-Léonard</th>\n",
       "      <td>15.873699</td>\n",
       "      <td>7.173709</td>\n",
       "      <td>10.444802</td>\n",
       "      <td>8.558921</td>\n",
       "      <td>3.264215</td>\n",
       "      <td>5.062277</td>\n",
       "      <td>3.881080</td>\n",
       "      <td>12.275189</td>\n",
       "      <td>0.000000</td>\n",
       "      <td>10.146506</td>\n",
       "    </tr>\n",
       "    <tr>\n",
       "      <th>Sierre</th>\n",
       "      <td>13.237992</td>\n",
       "      <td>3.645861</td>\n",
       "      <td>1.514078</td>\n",
       "      <td>4.396425</td>\n",
       "      <td>7.230409</td>\n",
       "      <td>7.128667</td>\n",
       "      <td>6.947388</td>\n",
       "      <td>2.460045</td>\n",
       "      <td>10.146506</td>\n",
       "      <td>0.000000</td>\n",
       "    </tr>\n",
       "  </tbody>\n",
       "</table>\n",
       "</div>"
      ],
      "text/plain": [
       "               Anniviers    Chalais    Chippis  Crans-Montana      Grône  \\\n",
       "Anniviers       0.000000  11.570791  11.766320      16.885382  13.289296   \n",
       "Chalais        11.570791   0.000000   3.391932       5.489441   3.967283   \n",
       "Chippis        11.766320   3.391932   0.000000       5.794213   7.319029   \n",
       "Crans-Montana  16.885382   5.489441   5.794213       0.000000   6.800530   \n",
       "Grône          13.289296   3.967283   7.319029       6.800530   0.000000   \n",
       "Icogne         17.231069   5.953580   8.089789       3.915829   4.613352   \n",
       "Lens           15.927012   5.007014   7.649837       4.683366   3.064499   \n",
       "Noble-Contrée  14.909289   6.101343   3.410788       5.035369   9.536005   \n",
       "Saint-Léonard  15.873699   7.173709  10.444802       8.558921   3.264215   \n",
       "Sierre         13.237992   3.645861   1.514078       4.396425   7.230409   \n",
       "\n",
       "                  Icogne       Lens  Noble-Contrée  Saint-Léonard     Sierre  \n",
       "Anniviers      17.231069  15.927012      14.909289      15.873699  13.237992  \n",
       "Chalais         5.953580   5.007014       6.101343       7.173709   3.645861  \n",
       "Chippis         8.089789   7.649837       3.410788      10.444802   1.514078  \n",
       "Crans-Montana   3.915829   4.683366       5.035369       8.558921   4.396425  \n",
       "Grône           4.613352   3.064499       9.536005       3.264215   7.230409  \n",
       "Icogne          0.000000   1.556365       8.593448       5.062277   7.128667  \n",
       "Lens            1.556365   0.000000       8.774671       3.881080   6.947388  \n",
       "Noble-Contrée   8.593448   8.774671       0.000000      12.275189   2.460045  \n",
       "Saint-Léonard   5.062277   3.881080      12.275189       0.000000  10.146506  \n",
       "Sierre          7.128667   6.947388       2.460045      10.146506   0.000000  "
      ]
     },
     "execution_count": 3,
     "metadata": {},
     "output_type": "execute_result"
    }
   ],
   "source": [
    "import pandas as pd\n",
    "df = pd.DataFrame(index=commune_list)\n",
    "\n",
    "for i in range(len(commune_list)):\n",
    "    liste = [hs.haversine(pts_list[i],pts_list[j],unit=Unit.KILOMETERS) for j in range(len(commune_list))]\n",
    "    df[commune_list[i]] = liste\n",
    "\n",
    "df"
   ]
  },
  {
   "cell_type": "code",
   "execution_count": 5,
   "id": "909a4ba1",
   "metadata": {},
   "outputs": [
    {
     "data": {
      "application/vnd.microsoft.datawrangler.viewer.v0+json": {
       "columns": [
        {
         "name": "index",
         "rawType": "object",
         "type": "string"
        },
        {
         "name": "Anniviers",
         "rawType": "float64",
         "type": "float"
        },
        {
         "name": "Chalais",
         "rawType": "float64",
         "type": "float"
        },
        {
         "name": "Chippis",
         "rawType": "float64",
         "type": "float"
        },
        {
         "name": "Crans-Montana",
         "rawType": "float64",
         "type": "float"
        },
        {
         "name": "Grône",
         "rawType": "float64",
         "type": "float"
        },
        {
         "name": "Icogne",
         "rawType": "float64",
         "type": "float"
        },
        {
         "name": "Lens",
         "rawType": "float64",
         "type": "float"
        },
        {
         "name": "Noble-Contrée",
         "rawType": "float64",
         "type": "float"
        },
        {
         "name": "Saint-Léonard",
         "rawType": "float64",
         "type": "float"
        },
        {
         "name": "Sierre",
         "rawType": "float64",
         "type": "float"
        },
        {
         "name": "Warehouse",
         "rawType": "float64",
         "type": "float"
        }
       ],
       "ref": "028973ae-43f5-4f91-8590-fdcfc51e6ae1",
       "rows": [
        [
         "Anniviers",
         "0.0",
         "11.570791100105481",
         "11.766320074639555",
         "16.885382259436643",
         "13.289296157846227",
         "17.23106865054864",
         "15.927011730169966",
         "14.909289493871716",
         "15.873698653365963",
         "13.237992096811794",
         "12.814222138718778"
        ],
        [
         "Chalais",
         "11.570791100105481",
         "0.0",
         "3.3919321975052004",
         "5.489440903503898",
         "3.9672827095302217",
         "5.953580248766321",
         "5.007013745278639",
         "6.101343145627619",
         "7.173708583767819",
         "3.6458610372338027",
         "1.8566459912241529"
        ],
        [
         "Chippis",
         "11.766320074639555",
         "3.3919321975052004",
         "0.0",
         "5.794212612029648",
         "7.319028691649222",
         "8.089789190471157",
         "7.6498367193970385",
         "3.410788303006944",
         "10.444802206044443",
         "1.5140776945015093",
         "2.420787765598806"
        ],
        [
         "Crans-Montana",
         "16.885382259436643",
         "5.489440903503898",
         "5.794212612029648",
         "0.0",
         "6.800530344341578",
         "3.915828577372914",
         "4.683366120215722",
         "5.035368879881104",
         "8.55892097357079",
         "4.396424663621147",
         "4.077072224452985"
        ],
        [
         "Grône",
         "13.289296157846227",
         "3.9672827095302217",
         "7.319028691649222",
         "6.800530344341578",
         "0.0",
         "4.613352411331239",
         "3.064499158664127",
         "9.536005382681553",
         "3.2642152047072517",
         "7.230408586798794",
         "5.240711034506091"
        ],
        [
         "Icogne",
         "17.23106865054864",
         "5.953580248766321",
         "8.089789190471157",
         "3.915828577372914",
         "4.613352411331239",
         "0.0",
         "1.556364885173629",
         "8.593448318571552",
         "5.062276892245505",
         "7.128666546232949",
         "5.709575285122957"
        ],
        [
         "Lens",
         "15.927011730169966",
         "5.007013745278639",
         "7.6498367193970385",
         "4.683366120215722",
         "3.064499158664127",
         "1.556364885173629",
         "0.0",
         "8.774671147822014",
         "3.881080446893314",
         "6.94738843661104",
         "5.231390131915979"
        ],
        [
         "Noble-Contrée",
         "14.909289493871716",
         "6.101343145627619",
         "3.410788303006944",
         "5.035368879881104",
         "9.536005382681553",
         "8.593448318571552",
         "8.774671147822014",
         "0.0",
         "12.275188914915535",
         "2.460045415527319",
         "4.366001535837897"
        ],
        [
         "Saint-Léonard",
         "15.873698653365963",
         "7.173708583767819",
         "10.444802206044443",
         "8.55892097357079",
         "3.2642152047072517",
         "5.062276892245505",
         "3.881080446893314",
         "12.275188914915535",
         "0.0",
         "10.14650603889848",
         "8.201150043788477"
        ],
        [
         "Sierre",
         "13.237992096811794",
         "3.6458610372338027",
         "1.5140776945015093",
         "4.396424663621147",
         "7.230408586798794",
         "7.128666546232949",
         "6.94738843661104",
         "2.460045415527319",
         "10.14650603889848",
         "0.0",
         "1.9902173678822401"
        ]
       ],
       "shape": {
        "columns": 11,
        "rows": 10
       }
      },
      "text/html": [
       "<div>\n",
       "<style scoped>\n",
       "    .dataframe tbody tr th:only-of-type {\n",
       "        vertical-align: middle;\n",
       "    }\n",
       "\n",
       "    .dataframe tbody tr th {\n",
       "        vertical-align: top;\n",
       "    }\n",
       "\n",
       "    .dataframe thead th {\n",
       "        text-align: right;\n",
       "    }\n",
       "</style>\n",
       "<table border=\"1\" class=\"dataframe\">\n",
       "  <thead>\n",
       "    <tr style=\"text-align: right;\">\n",
       "      <th></th>\n",
       "      <th>Anniviers</th>\n",
       "      <th>Chalais</th>\n",
       "      <th>Chippis</th>\n",
       "      <th>Crans-Montana</th>\n",
       "      <th>Grône</th>\n",
       "      <th>Icogne</th>\n",
       "      <th>Lens</th>\n",
       "      <th>Noble-Contrée</th>\n",
       "      <th>Saint-Léonard</th>\n",
       "      <th>Sierre</th>\n",
       "      <th>Warehouse</th>\n",
       "    </tr>\n",
       "  </thead>\n",
       "  <tbody>\n",
       "    <tr>\n",
       "      <th>Anniviers</th>\n",
       "      <td>0.000000</td>\n",
       "      <td>11.570791</td>\n",
       "      <td>11.766320</td>\n",
       "      <td>16.885382</td>\n",
       "      <td>13.289296</td>\n",
       "      <td>17.231069</td>\n",
       "      <td>15.927012</td>\n",
       "      <td>14.909289</td>\n",
       "      <td>15.873699</td>\n",
       "      <td>13.237992</td>\n",
       "      <td>12.814222</td>\n",
       "    </tr>\n",
       "    <tr>\n",
       "      <th>Chalais</th>\n",
       "      <td>11.570791</td>\n",
       "      <td>0.000000</td>\n",
       "      <td>3.391932</td>\n",
       "      <td>5.489441</td>\n",
       "      <td>3.967283</td>\n",
       "      <td>5.953580</td>\n",
       "      <td>5.007014</td>\n",
       "      <td>6.101343</td>\n",
       "      <td>7.173709</td>\n",
       "      <td>3.645861</td>\n",
       "      <td>1.856646</td>\n",
       "    </tr>\n",
       "    <tr>\n",
       "      <th>Chippis</th>\n",
       "      <td>11.766320</td>\n",
       "      <td>3.391932</td>\n",
       "      <td>0.000000</td>\n",
       "      <td>5.794213</td>\n",
       "      <td>7.319029</td>\n",
       "      <td>8.089789</td>\n",
       "      <td>7.649837</td>\n",
       "      <td>3.410788</td>\n",
       "      <td>10.444802</td>\n",
       "      <td>1.514078</td>\n",
       "      <td>2.420788</td>\n",
       "    </tr>\n",
       "    <tr>\n",
       "      <th>Crans-Montana</th>\n",
       "      <td>16.885382</td>\n",
       "      <td>5.489441</td>\n",
       "      <td>5.794213</td>\n",
       "      <td>0.000000</td>\n",
       "      <td>6.800530</td>\n",
       "      <td>3.915829</td>\n",
       "      <td>4.683366</td>\n",
       "      <td>5.035369</td>\n",
       "      <td>8.558921</td>\n",
       "      <td>4.396425</td>\n",
       "      <td>4.077072</td>\n",
       "    </tr>\n",
       "    <tr>\n",
       "      <th>Grône</th>\n",
       "      <td>13.289296</td>\n",
       "      <td>3.967283</td>\n",
       "      <td>7.319029</td>\n",
       "      <td>6.800530</td>\n",
       "      <td>0.000000</td>\n",
       "      <td>4.613352</td>\n",
       "      <td>3.064499</td>\n",
       "      <td>9.536005</td>\n",
       "      <td>3.264215</td>\n",
       "      <td>7.230409</td>\n",
       "      <td>5.240711</td>\n",
       "    </tr>\n",
       "    <tr>\n",
       "      <th>Icogne</th>\n",
       "      <td>17.231069</td>\n",
       "      <td>5.953580</td>\n",
       "      <td>8.089789</td>\n",
       "      <td>3.915829</td>\n",
       "      <td>4.613352</td>\n",
       "      <td>0.000000</td>\n",
       "      <td>1.556365</td>\n",
       "      <td>8.593448</td>\n",
       "      <td>5.062277</td>\n",
       "      <td>7.128667</td>\n",
       "      <td>5.709575</td>\n",
       "    </tr>\n",
       "    <tr>\n",
       "      <th>Lens</th>\n",
       "      <td>15.927012</td>\n",
       "      <td>5.007014</td>\n",
       "      <td>7.649837</td>\n",
       "      <td>4.683366</td>\n",
       "      <td>3.064499</td>\n",
       "      <td>1.556365</td>\n",
       "      <td>0.000000</td>\n",
       "      <td>8.774671</td>\n",
       "      <td>3.881080</td>\n",
       "      <td>6.947388</td>\n",
       "      <td>5.231390</td>\n",
       "    </tr>\n",
       "    <tr>\n",
       "      <th>Noble-Contrée</th>\n",
       "      <td>14.909289</td>\n",
       "      <td>6.101343</td>\n",
       "      <td>3.410788</td>\n",
       "      <td>5.035369</td>\n",
       "      <td>9.536005</td>\n",
       "      <td>8.593448</td>\n",
       "      <td>8.774671</td>\n",
       "      <td>0.000000</td>\n",
       "      <td>12.275189</td>\n",
       "      <td>2.460045</td>\n",
       "      <td>4.366002</td>\n",
       "    </tr>\n",
       "    <tr>\n",
       "      <th>Saint-Léonard</th>\n",
       "      <td>15.873699</td>\n",
       "      <td>7.173709</td>\n",
       "      <td>10.444802</td>\n",
       "      <td>8.558921</td>\n",
       "      <td>3.264215</td>\n",
       "      <td>5.062277</td>\n",
       "      <td>3.881080</td>\n",
       "      <td>12.275189</td>\n",
       "      <td>0.000000</td>\n",
       "      <td>10.146506</td>\n",
       "      <td>8.201150</td>\n",
       "    </tr>\n",
       "    <tr>\n",
       "      <th>Sierre</th>\n",
       "      <td>13.237992</td>\n",
       "      <td>3.645861</td>\n",
       "      <td>1.514078</td>\n",
       "      <td>4.396425</td>\n",
       "      <td>7.230409</td>\n",
       "      <td>7.128667</td>\n",
       "      <td>6.947388</td>\n",
       "      <td>2.460045</td>\n",
       "      <td>10.146506</td>\n",
       "      <td>0.000000</td>\n",
       "      <td>1.990217</td>\n",
       "    </tr>\n",
       "  </tbody>\n",
       "</table>\n",
       "</div>"
      ],
      "text/plain": [
       "               Anniviers    Chalais    Chippis  Crans-Montana      Grône  \\\n",
       "Anniviers       0.000000  11.570791  11.766320      16.885382  13.289296   \n",
       "Chalais        11.570791   0.000000   3.391932       5.489441   3.967283   \n",
       "Chippis        11.766320   3.391932   0.000000       5.794213   7.319029   \n",
       "Crans-Montana  16.885382   5.489441   5.794213       0.000000   6.800530   \n",
       "Grône          13.289296   3.967283   7.319029       6.800530   0.000000   \n",
       "Icogne         17.231069   5.953580   8.089789       3.915829   4.613352   \n",
       "Lens           15.927012   5.007014   7.649837       4.683366   3.064499   \n",
       "Noble-Contrée  14.909289   6.101343   3.410788       5.035369   9.536005   \n",
       "Saint-Léonard  15.873699   7.173709  10.444802       8.558921   3.264215   \n",
       "Sierre         13.237992   3.645861   1.514078       4.396425   7.230409   \n",
       "\n",
       "                  Icogne       Lens  Noble-Contrée  Saint-Léonard     Sierre  \\\n",
       "Anniviers      17.231069  15.927012      14.909289      15.873699  13.237992   \n",
       "Chalais         5.953580   5.007014       6.101343       7.173709   3.645861   \n",
       "Chippis         8.089789   7.649837       3.410788      10.444802   1.514078   \n",
       "Crans-Montana   3.915829   4.683366       5.035369       8.558921   4.396425   \n",
       "Grône           4.613352   3.064499       9.536005       3.264215   7.230409   \n",
       "Icogne          0.000000   1.556365       8.593448       5.062277   7.128667   \n",
       "Lens            1.556365   0.000000       8.774671       3.881080   6.947388   \n",
       "Noble-Contrée   8.593448   8.774671       0.000000      12.275189   2.460045   \n",
       "Saint-Léonard   5.062277   3.881080      12.275189       0.000000  10.146506   \n",
       "Sierre          7.128667   6.947388       2.460045      10.146506   0.000000   \n",
       "\n",
       "               Warehouse  \n",
       "Anniviers      12.814222  \n",
       "Chalais         1.856646  \n",
       "Chippis         2.420788  \n",
       "Crans-Montana   4.077072  \n",
       "Grône           5.240711  \n",
       "Icogne          5.709575  \n",
       "Lens            5.231390  \n",
       "Noble-Contrée   4.366002  \n",
       "Saint-Léonard   8.201150  \n",
       "Sierre          1.990217  "
      ]
     },
     "execution_count": 5,
     "metadata": {},
     "output_type": "execute_result"
    }
   ],
   "source": [
    "warehouse_loc = (46.281778, 7.512944)\n",
    "liste = [hs.haversine(warehouse_loc,pts_list[j],unit=Unit.KILOMETERS) for j in range(len(commune_list))]\n",
    "df[\"Warehouse\"] = liste\n",
    "\n",
    "df"
   ]
  },
  {
   "cell_type": "code",
   "execution_count": null,
   "id": "db646b98",
   "metadata": {},
   "outputs": [],
   "source": [
    "df.to_excel(\"distances.xlsx\")"
   ]
  },
  {
   "cell_type": "code",
   "execution_count": null,
   "id": "71a396a2",
   "metadata": {},
   "outputs": [],
   "source": [
    "alts_list = [\"848/1691\", \"522/1330\", \"526/532\", \"577/1546\", \"503/1064\", \"1034/1160\", \"758/1637\", \"600/907\", \"500/507\", \"500/559\"]\n",
    "\n",
    "for i in range(len(commune_list)):\n",
    "    alt = alts_list[i].split(\"/\")\n",
    "    \n",
    "    alt = [int(x) for x in alt]\n",
    "    df.loc[commune_list[i], \"Altitude\"] = alt[0]\n",
    "    df.loc[commune_list[i], \"Max Altitude\"] = alt[1]"
   ]
  },
  {
   "cell_type": "code",
   "execution_count": 4,
   "id": "98d8ab2c",
   "metadata": {},
   "outputs": [
    {
     "data": {
      "application/vnd.microsoft.datawrangler.viewer.v0+json": {
       "columns": [
        {
         "name": "index",
         "rawType": "object",
         "type": "string"
        },
        {
         "name": "Anniviers",
         "rawType": "float64",
         "type": "float"
        },
        {
         "name": "Chalais",
         "rawType": "float64",
         "type": "float"
        },
        {
         "name": "Chippis",
         "rawType": "float64",
         "type": "float"
        },
        {
         "name": "Crans-Montana",
         "rawType": "float64",
         "type": "float"
        },
        {
         "name": "Grône",
         "rawType": "float64",
         "type": "float"
        },
        {
         "name": "Icogne",
         "rawType": "float64",
         "type": "float"
        },
        {
         "name": "Lens",
         "rawType": "float64",
         "type": "float"
        },
        {
         "name": "Noble-Contrée",
         "rawType": "float64",
         "type": "float"
        },
        {
         "name": "Saint-Léonard",
         "rawType": "float64",
         "type": "float"
        },
        {
         "name": "Sierre",
         "rawType": "float64",
         "type": "float"
        },
        {
         "name": "Warehouse",
         "rawType": "float64",
         "type": "float"
        }
       ],
       "ref": "ba0fc6dc-d2a5-44b0-b208-e7bd881ec69f",
       "rows": [
        [
         "Anniviers",
         "7.185",
         "11.57079110010548",
         "11.76632007463956",
         "16.88538225943664",
         "13.28929615784623",
         "17.23106865054864",
         "15.92701173016997",
         "14.90928949387172",
         "15.87369865336596",
         "13.23799209681179",
         "12.81422213871878"
        ],
        [
         "Chalais",
         "11.57079110010548",
         "1.055",
         "3.3919321975052",
         "5.489440903503898",
         "3.967282709530222",
         "5.953580248766321",
         "5.007013745278639",
         "6.101343145627619",
         "7.173708583767819",
         "3.645861037233803",
         "1.856645991224153"
        ],
        [
         "Chippis",
         "11.76632007463956",
         "3.3919321975052",
         "0.186",
         "5.794212612029648",
         "7.319028691649222",
         "8.089789190471157",
         "7.649836719397038",
         "3.410788303006944",
         "10.44480220604444",
         "1.514077694501509",
         "2.420787765598806"
        ],
        [
         "Crans-Montana",
         "16.88538225943664",
         "5.489440903503898",
         "5.794212612029648",
         "2.893",
         "6.800530344341578",
         "3.915828577372914",
         "4.683366120215722",
         "5.035368879881104",
         "8.55892097357079",
         "4.396424663621147",
         "4.077072224452985"
        ],
        [
         "Grône",
         "13.28929615784623",
         "3.967282709530222",
         "7.319028691649222",
         "6.800530344341578",
         "0.736",
         "4.613352411331239",
         "3.064499158664127",
         "9.536005382681553",
         "3.264215204707252",
         "7.230408586798794",
         "5.240711034506091"
        ],
        [
         "Icogne",
         "17.23106865054864",
         "5.953580248766321",
         "8.089789190471157",
         "3.915828577372914",
         "4.613352411331239",
         "0.88",
         "1.556364885173629",
         "8.593448318571552",
         "5.062276892245505",
         "7.128666546232949",
         "5.709575285122957"
        ],
        [
         "Lens",
         "15.92701173016997",
         "5.007013745278639",
         "7.649836719397038",
         "4.683366120215722",
         "3.064499158664127",
         "1.556364885173629",
         "2.595",
         "8.774671147822014",
         "3.881080446893314",
         "6.94738843661104",
         "5.231390131915979"
        ],
        [
         "Noble-Contrée",
         "14.90928949387172",
         "6.101343145627619",
         "3.410788303006944",
         "5.035368879881104",
         "9.536005382681553",
         "8.593448318571552",
         "8.774671147822014",
         "0.945",
         "12.27518891491554",
         "2.460045415527319",
         "4.366001535837897"
        ],
        [
         "Saint-Léonard",
         "15.87369865336596",
         "7.173708583767819",
         "10.44480220604444",
         "8.55892097357079",
         "3.264215204707252",
         "5.062276892245505",
         "3.881080446893314",
         "12.27518891491554",
         "1.11",
         "10.14650603889848",
         "8.201150043788477"
        ],
        [
         "Sierre",
         "13.23799209681179",
         "3.645861037233803",
         "1.514077694501509",
         "4.396424663621147",
         "7.230408586798794",
         "7.128666546232949",
         "6.94738843661104",
         "2.460045415527319",
         "10.14650603889848",
         "4.95",
         "1.99021736788224"
        ]
       ],
       "shape": {
        "columns": 11,
        "rows": 10
       }
      },
      "text/html": [
       "<div>\n",
       "<style scoped>\n",
       "    .dataframe tbody tr th:only-of-type {\n",
       "        vertical-align: middle;\n",
       "    }\n",
       "\n",
       "    .dataframe tbody tr th {\n",
       "        vertical-align: top;\n",
       "    }\n",
       "\n",
       "    .dataframe thead th {\n",
       "        text-align: right;\n",
       "    }\n",
       "</style>\n",
       "<table border=\"1\" class=\"dataframe\">\n",
       "  <thead>\n",
       "    <tr style=\"text-align: right;\">\n",
       "      <th></th>\n",
       "      <th>Anniviers</th>\n",
       "      <th>Chalais</th>\n",
       "      <th>Chippis</th>\n",
       "      <th>Crans-Montana</th>\n",
       "      <th>Grône</th>\n",
       "      <th>Icogne</th>\n",
       "      <th>Lens</th>\n",
       "      <th>Noble-Contrée</th>\n",
       "      <th>Saint-Léonard</th>\n",
       "      <th>Sierre</th>\n",
       "      <th>Warehouse</th>\n",
       "    </tr>\n",
       "  </thead>\n",
       "  <tbody>\n",
       "    <tr>\n",
       "      <th>Anniviers</th>\n",
       "      <td>7.185000</td>\n",
       "      <td>11.570791</td>\n",
       "      <td>11.766320</td>\n",
       "      <td>16.885382</td>\n",
       "      <td>13.289296</td>\n",
       "      <td>17.231069</td>\n",
       "      <td>15.927012</td>\n",
       "      <td>14.909289</td>\n",
       "      <td>15.873699</td>\n",
       "      <td>13.237992</td>\n",
       "      <td>12.814222</td>\n",
       "    </tr>\n",
       "    <tr>\n",
       "      <th>Chalais</th>\n",
       "      <td>11.570791</td>\n",
       "      <td>1.055000</td>\n",
       "      <td>3.391932</td>\n",
       "      <td>5.489441</td>\n",
       "      <td>3.967283</td>\n",
       "      <td>5.953580</td>\n",
       "      <td>5.007014</td>\n",
       "      <td>6.101343</td>\n",
       "      <td>7.173709</td>\n",
       "      <td>3.645861</td>\n",
       "      <td>1.856646</td>\n",
       "    </tr>\n",
       "    <tr>\n",
       "      <th>Chippis</th>\n",
       "      <td>11.766320</td>\n",
       "      <td>3.391932</td>\n",
       "      <td>0.186000</td>\n",
       "      <td>5.794213</td>\n",
       "      <td>7.319029</td>\n",
       "      <td>8.089789</td>\n",
       "      <td>7.649837</td>\n",
       "      <td>3.410788</td>\n",
       "      <td>10.444802</td>\n",
       "      <td>1.514078</td>\n",
       "      <td>2.420788</td>\n",
       "    </tr>\n",
       "    <tr>\n",
       "      <th>Crans-Montana</th>\n",
       "      <td>16.885382</td>\n",
       "      <td>5.489441</td>\n",
       "      <td>5.794213</td>\n",
       "      <td>2.893000</td>\n",
       "      <td>6.800530</td>\n",
       "      <td>3.915829</td>\n",
       "      <td>4.683366</td>\n",
       "      <td>5.035369</td>\n",
       "      <td>8.558921</td>\n",
       "      <td>4.396425</td>\n",
       "      <td>4.077072</td>\n",
       "    </tr>\n",
       "    <tr>\n",
       "      <th>Grône</th>\n",
       "      <td>13.289296</td>\n",
       "      <td>3.967283</td>\n",
       "      <td>7.319029</td>\n",
       "      <td>6.800530</td>\n",
       "      <td>0.736000</td>\n",
       "      <td>4.613352</td>\n",
       "      <td>3.064499</td>\n",
       "      <td>9.536005</td>\n",
       "      <td>3.264215</td>\n",
       "      <td>7.230409</td>\n",
       "      <td>5.240711</td>\n",
       "    </tr>\n",
       "    <tr>\n",
       "      <th>Icogne</th>\n",
       "      <td>17.231069</td>\n",
       "      <td>5.953580</td>\n",
       "      <td>8.089789</td>\n",
       "      <td>3.915829</td>\n",
       "      <td>4.613352</td>\n",
       "      <td>0.880000</td>\n",
       "      <td>1.556365</td>\n",
       "      <td>8.593448</td>\n",
       "      <td>5.062277</td>\n",
       "      <td>7.128667</td>\n",
       "      <td>5.709575</td>\n",
       "    </tr>\n",
       "    <tr>\n",
       "      <th>Lens</th>\n",
       "      <td>15.927012</td>\n",
       "      <td>5.007014</td>\n",
       "      <td>7.649837</td>\n",
       "      <td>4.683366</td>\n",
       "      <td>3.064499</td>\n",
       "      <td>1.556365</td>\n",
       "      <td>2.595000</td>\n",
       "      <td>8.774671</td>\n",
       "      <td>3.881080</td>\n",
       "      <td>6.947388</td>\n",
       "      <td>5.231390</td>\n",
       "    </tr>\n",
       "    <tr>\n",
       "      <th>Noble-Contrée</th>\n",
       "      <td>14.909289</td>\n",
       "      <td>6.101343</td>\n",
       "      <td>3.410788</td>\n",
       "      <td>5.035369</td>\n",
       "      <td>9.536005</td>\n",
       "      <td>8.593448</td>\n",
       "      <td>8.774671</td>\n",
       "      <td>0.945000</td>\n",
       "      <td>12.275189</td>\n",
       "      <td>2.460045</td>\n",
       "      <td>4.366002</td>\n",
       "    </tr>\n",
       "    <tr>\n",
       "      <th>Saint-Léonard</th>\n",
       "      <td>15.873699</td>\n",
       "      <td>7.173709</td>\n",
       "      <td>10.444802</td>\n",
       "      <td>8.558921</td>\n",
       "      <td>3.264215</td>\n",
       "      <td>5.062277</td>\n",
       "      <td>3.881080</td>\n",
       "      <td>12.275189</td>\n",
       "      <td>1.110000</td>\n",
       "      <td>10.146506</td>\n",
       "      <td>8.201150</td>\n",
       "    </tr>\n",
       "    <tr>\n",
       "      <th>Sierre</th>\n",
       "      <td>13.237992</td>\n",
       "      <td>3.645861</td>\n",
       "      <td>1.514078</td>\n",
       "      <td>4.396425</td>\n",
       "      <td>7.230409</td>\n",
       "      <td>7.128667</td>\n",
       "      <td>6.947388</td>\n",
       "      <td>2.460045</td>\n",
       "      <td>10.146506</td>\n",
       "      <td>4.950000</td>\n",
       "      <td>1.990217</td>\n",
       "    </tr>\n",
       "  </tbody>\n",
       "</table>\n",
       "</div>"
      ],
      "text/plain": [
       "               Anniviers    Chalais    Chippis  Crans-Montana      Grône  \\\n",
       "Anniviers       7.185000  11.570791  11.766320      16.885382  13.289296   \n",
       "Chalais        11.570791   1.055000   3.391932       5.489441   3.967283   \n",
       "Chippis        11.766320   3.391932   0.186000       5.794213   7.319029   \n",
